[[0.17470578 4.        ]
 [0.22939842 3.        ]
 [0.23306012 2.        ]]
[[0.12067646 4.        ]
 [0.22939842 3.        ]
 [0.23306012 2.        ]
 [0.23676024 1.        ]]
[[0.12067646 4.        ]
 [0.22939842 3.        ]
 [0.23306012 2.        ]
 [0.23676024 1.        ]]
[[ 0.10145647 11.        ]
 [ 0.1018473   8.        ]
 [ 0.12036714  6.        ]
 [ 0.12067646  4.        ]
 [ 0.22939842  3.        ]
 [ 0.23306012  2.        ]
 [ 0.23676024  1.        ]]
[[0.10075936 8.        ]
 [0.11795327 7.        ]
 [0.12036714 6.        ]
 [0.12067646 4.        ]
 [0.22939842 3.        ]
 [0.23306012 2.        ]
 [0.23676024 1.        ]]
[[0.10075936 8.        ]
 [0.11795327 7.        ]
 [0.12036714 6.        ]
 [0.12067646 4.        ]
 [0.22939842 3.        ]
 [0.23306012 2.        ]
 [0.23676024 1.        ]]
[[ 0.09802564 16.        ]
 [ 0.0985394  15.        ]
 [ 0.09854899 10.        ]
 [ 0.0995504   9.        ]
 [ 0.10075936  8.        ]
 [ 0.11795327  7.        ]
 [ 0.12036714  6.        ]
 [ 0.12067646  4.        ]
 [ 0.22939842  3.        ]
 [ 0.23306012  2.        ]
 [ 0.23676024  1.        ]]
[[ 0.09802564 16.        ]
 [ 0.0985394  15.        ]
 [ 0.09854899 10.        ]
 [ 0.0995504   9.        ]
 [ 0.10075936  8.        ]
 [ 0.11795327  7.        ]
 [ 0.12036714  6.        ]
 [ 0.12067646  4.        ]
 [ 0.22939842  3.        ]
 [ 0.23306012  2.        ]
 [ 0.23676024  1.        ]]
[[ 0.09802564 16.        ]
 [ 0.0985394  15.        ]
 [ 0.09854899 10.        ]
 [ 0.0995504   9.        ]
 [ 0.10075936  8.        ]
 [ 0.11795327  7.        ]
 [ 0.12036714  6.        ]
 [ 0.12067646  4.        ]
 [ 0.22939842  3.        ]
 [ 0.23306012  2.        ]
 [ 0.23676024  1.        ]]
[[ 0.09802564 16.        ]
 [ 0.0985394  15.        ]
 [ 0.09854899 10.        ]
 [ 0.0995504   9.        ]
 [ 0.10075936  8.        ]
 [ 0.11795327  7.        ]
 [ 0.12036714  6.        ]
 [ 0.12067646  4.        ]
 [ 0.22939842  3.        ]
 [ 0.23306012  2.        ]
 [ 0.23676024  1.        ]]
[[ 0.09802564 16.        ]
 [ 0.0985394  15.        ]
 [ 0.09854899 10.        ]
 [ 0.0995504   9.        ]
 [ 0.10075936  8.        ]
 [ 0.11795327  7.        ]
 [ 0.12036714  6.        ]
 [ 0.12067646  4.        ]
 [ 0.22939842  3.        ]
 [ 0.23306012  2.        ]
 [ 0.23676024  1.        ]]
[[ 0.09802564 16.        ]
 [ 0.0985394  15.        ]
 [ 0.09854899 10.        ]
 [ 0.0995504   9.        ]
 [ 0.10075936  8.        ]
 [ 0.11795327  7.        ]
 [ 0.12036714  6.        ]
 [ 0.12067646  4.        ]
 [ 0.22939842  3.        ]
 [ 0.23306012  2.        ]
 [ 0.23676024  1.        ]]
[[ 0.09802564 16.        ]
 [ 0.0985394  15.        ]
 [ 0.09854899 10.        ]
 [ 0.0995504   9.        ]
 [ 0.10075936  8.        ]
 [ 0.11795327  7.        ]
 [ 0.12036714  6.        ]
 [ 0.12067646  4.        ]
 [ 0.22939842  3.        ]
 [ 0.23306012  2.        ]
 [ 0.23676024  1.        ]]
[[ 0.09802564 16.        ]
 [ 0.0985394  15.        ]
 [ 0.09854899 10.        ]
 [ 0.0995504   9.        ]
 [ 0.10075936  8.        ]
 [ 0.11795327  7.        ]
 [ 0.12036714  6.        ]
 [ 0.12067646  4.        ]
 [ 0.22939842  3.        ]
 [ 0.23306012  2.        ]
 [ 0.23676024  1.        ]]
[[ 0.09763113 19.        ]
 [ 0.09802564 16.        ]
 [ 0.0985394  15.        ]
 [ 0.09854899 10.        ]
 [ 0.0995504   9.        ]
 [ 0.10075936  8.        ]
 [ 0.11795327  7.        ]
 [ 0.12036714  6.        ]
 [ 0.12067646  4.        ]
 [ 0.22939842  3.        ]
 [ 0.23306012  2.        ]
 [ 0.23676024  1.        ]]
[[ 0.09763113 19.        ]
 [ 0.09802564 16.        ]
 [ 0.0985394  15.        ]
 [ 0.09854899 10.        ]
 [ 0.0995504   9.        ]
 [ 0.10075936  8.        ]
 [ 0.11795327  7.        ]
 [ 0.12036714  6.        ]
 [ 0.12067646  4.        ]
 [ 0.22939842  3.        ]
 [ 0.23306012  2.        ]
 [ 0.23676024  1.        ]]
[[ 0.09763113 19.        ]
 [ 0.09802564 16.        ]
 [ 0.0985394  15.        ]
 [ 0.09854899 10.        ]
 [ 0.0995504   9.        ]
 [ 0.10075936  8.        ]
 [ 0.11795327  7.        ]
 [ 0.12036714  6.        ]
 [ 0.12067646  4.        ]
 [ 0.22939842  3.        ]
 [ 0.23306012  2.        ]
 [ 0.23676024  1.        ]]
[[ 0.09763113 19.        ]
 [ 0.09787273 18.        ]
 [ 0.09802564 16.        ]
 [ 0.0985394  15.        ]
 [ 0.09854899 10.        ]
 [ 0.0995504   9.        ]
 [ 0.10075936  8.        ]
 [ 0.11795327  7.        ]
 [ 0.12036714  6.        ]
 [ 0.12067646  4.        ]
 [ 0.22939842  3.        ]
 [ 0.23306012  2.        ]
 [ 0.23676024  1.        ]]
[[ 0.09763113 19.        ]
 [ 0.09787273 18.        ]
 [ 0.09802564 16.        ]
 [ 0.0985394  15.        ]
 [ 0.09854899 10.        ]
 [ 0.0995504   9.        ]
 [ 0.10075936  8.        ]
 [ 0.11795327  7.        ]
 [ 0.12036714  6.        ]
 [ 0.12067646  4.        ]
 [ 0.22939842  3.        ]
 [ 0.23306012  2.        ]
 [ 0.23676024  1.        ]]
[[ 0.09763113 19.        ]
 [ 0.09787273 18.        ]
 [ 0.09802564 16.        ]
 [ 0.0985394  15.        ]
 [ 0.09854899 14.        ]
 [ 0.09854899 10.        ]
 [ 0.0995504   9.        ]
 [ 0.10075936  8.        ]
 [ 0.11795327  7.        ]
 [ 0.12036714  6.        ]
 [ 0.12067646  4.        ]
 [ 0.22939842  3.        ]
 [ 0.23306012  2.        ]
 [ 0.23676024  1.        ]]